  File: /home/kali-user/lab-practice/perm-test.txt
  Size: 0         	Blocks: 0          IO Block: 4096   regular empty file
Device: 8,1	Inode: 974043      Links: 1
Access: (0700/-rwx------)  Uid: ( 1000/kali-user)   Gid: ( 1000/kali-user)
Access: 2025-09-21 12:27:24.043769613 +0530
Modify: 2025-09-21 12:27:24.043769613 +0530
Change: 2025-09-21 12:30:42.598098948 +0530
 Birth: 2025-09-21 12:27:24.043769613 +0530
